6.40,-5.60,4.01
7.60,-3.20,-2.16
6.80,-6.00,3.45
6.20,-4.00,3.18
3.00,-6.00,1.24
6.40,-4.40,2.44
7.40,-4.00,-0.99
6.80,-7.80,3.03
7.80,-4.20,1.99
5.60,-2.60,2.63
4.80,-4.80,2.40
3.40,-6.20,1.48
4.80,-4.00,0.20
5.20,-3.20,1.42
4.40,-3.20,-2.09
5.80,-4.40,-0.75
7.60,-7.20,2.17
6.60,-3.80,2.43
5.40,-4.60,1.55
5.40,-5.40,1.53
5.20,-2.40,1.61
6.40,-5.40,2.13
5.00,-4.20,-1.47
7.40,-7.60,4.47
2.20,-4.20,-0.94
6.20,-2.40,1.71
6.60,-2.40,1.35
6.60,-3.60,0.95
7.40,-2.60,-2.20
7.20,-5.20,-0.53
2.80,-4.40,1.32
2.40,-5.00,-1.21
5.20,-2.80,-2.32
7.60,-4.80,1.43
6.80,-5.60,4.60
3.80,-5.80,2.54
7.80,-6.20,1.21
6.20,-4.40,0.42
5.40,-5.20,-0.13
6.80,-3.00,-2.60
6.00,-6.60,4.74
2.60,-3.60,-0.57
3.00,-4.80,-2.74
6.80,-2.40,-1.48
6.00,-3.40,2.40
3.00,-4.20,-2.51
7.00,-2.60,2.19
6.80,-6.20,0.14
6.40,-2.40,-1.43
7.00,-3.60,-0.83
4.60,-7.40,2.26
7.20,-4.60,0.18
7.60,-5.80,2.18
7.80,-2.40,2.12
6.40,-8.00,4.41
5.60,-6.40,0.27
5.80,-4.00,-0.06
6.40,-5.00,3.09
7.00,-6.80,2.83
3.40,-8.00,3.95
3.40,-2.60,-3.34
6.20,-2.20,0.46
3.80,-3.00,-1.25
7.20,-7.60,0.64
2.20,-3.20,1.58
7.80,-4.60,3.50
6.60,-6.80,-0.68
4.60,-3.80,-1.94
5.20,-3.40,-2.81
2.80,-3.00,-2.55
7.00,-6.40,1.85
4.60,-6.20,2.79
5.80,-5.40,2.18
4.60,-3.20,-0.32
7.20,-6.80,3.42
7.00,-2.40,-2.67
2.80,-2.80,0.75
4.20,-5.00,-1.30
3.60,-3.40,0.80
2.40,-5.60,-0.44
7.20,-2.80,2.11
4.00,-6.60,3.28
7.40,-5.80,-0.09
4.40,-7.80,0.44
2.60,-2.40,-3.17
5.40,-2.60,-1.27
7.80,-5.20,1.48
4.60,-3.60,-2.56
3.00,-3.60,-1.18
5.00,-7.20,1.10
4.80,-5.00,2.16
3.60,-3.20,-3.24
3.80,-4.60,-3.13
4.40,-6.80,1.14
6.80,-5.00,3.18
5.60,-3.00,1.00
3.20,-4.40,-3.43
5.20,-6.40,0.63
7.60,-7.00,3.22
6.00,-4.80,-0.44
4.00,-7.80,2.56
3.80,-2.40,-0.58
7.40,-2.40,-0.04
5.60,-4.80,1.70
6.20,-6.40,1.09
7.20,-5.00,3.77
2.60,-2.80,1.66
3.60,-4.20,-0.97
5.80,-5.60,3.10
5.40,-4.40,0.37
2.40,-2.80,-2.28
2.00,-5.60,-1.54
4.00,-2.40,0.79
3.60,-6.40,1.23
3.60,-2.20,-2.65
2.20,-4.80,-1.37
6.40,-7.80,0.02
6.00,-7.20,1.87
5.00,-6.20,-0.02
6.00,-7.80,-0.42
6.20,-7.00,4.25
6.60,-4.40,1.88
7.80,-7.80,1.02
5.20,-7.20,4.33
7.00,-5.80,1.37
7.80,-7.60,1.06
6.80,-4.60,1.39
2.80,-2.40,-2.15
6.60,-3.40,2.62
6.60,-4.00,-2.52
6.40,-4.00,-1.24
5.00,-3.20,-0.91
2.20,-7.80,-0.03
7.20,-4.00,-0.89
7.40,-4.20,1.94
5.40,-7.00,-0.77
7.80,-5.00,-0.72
2.00,-4.20,-0.89
3.00,-2.60,-0.92
3.00,-5.80,-1.50
7.40,-3.60,3.12
6.40,-4.80,1.24
2.60,-5.20,3.32
2.00,-5.00,1.69
5.80,-6.80,2.77
4.20,-4.40,0.79
3.80,-7.40,0.78
6.00,-3.60,-2.09
3.20,-7.20,3.51
4.80,-2.40,-2.31
2.00,-5.40,1.91
2.00,-7.00,-0.33
7.00,-5.40,2.02
7.40,-3.40,1.24
6.00,-6.00,0.10
4.00,-5.00,-2.21
3.00,-2.40,-0.24
2.00,-6.20,-0.22
3.00,-3.00,-3.19
2.60,-5.40,3.52
2.40,-3.20,-0.65
4.40,-4.80,2.78
6.80,-7.60,3.13
5.80,-2.20,2.70
5.40,-7.60,3.27
7.00,-8.00,4.71
5.80,-2.40,0.27
4.00,-4.40,-0.78
7.00,-6.20,4.56
5.40,-3.20,-0.02
5.00,-7.00,0.77
2.40,-6.40,-1.52
3.80,-6.20,-0.32
3.20,-3.40,-1.50
4.00,-8.00,3.31
5.00,-7.80,2.18
5.20,-7.00,1.65
5.20,-5.20,4.01
7.60,-5.20,-0.21
5.00,-5.60,3.90
5.20,-4.00,-2.27
4.60,-6.40,-0.32
7.20,-7.80,0.72
2.60,-3.80,-2.04
4.00,-6.80,2.57
6.20,-5.20,3.99
6.60,-5.80,-0.57
7.40,-5.40,-1.07
6.00,-6.20,3.15
2.80,-5.60,-1.64
2.00,-8.00,0.41
6.20,-4.20,-0.56
6.60,-6.00,1.86
4.60,-2.60,-3.14
7.60,-5.60,3.35
3.80,-3.80,1.89
3.80,-5.40,0.92
4.00,-3.40,1.48
3.60,-4.80,0.02
6.00,-3.80,-0.34
3.20,-5.60,2.72
5.80,-6.00,-0.87
3.00,-3.20,-2.30
5.80,-4.20,2.33
3.40,-5.00,-2.71
5.40,-2.20,0.73
7.40,-4.40,1.19
2.00,-2.20,0.37
3.80,-3.60,0.91
5.80,-2.60,1.87
4.20,-2.60,-1.82
6.80,-7.40,2.01
7.20,-2.20,-2.39
3.20,-6.20,-0.66
6.00,-4.20,1.56
4.40,-2.80,0.72
7.80,-3.60,0.29
2.40,-4.80,2.18
7.80,-4.80,-0.87
4.20,-5.80,-0.16
4.20,-6.00,2.43
5.20,-5.40,3.49
4.40,-6.20,1.20
3.00,-6.40,-1.33
2.80,-6.80,1.63
5.80,-3.80,3.16
5.40,-2.40,-0.83
5.60,-4.00,-2.17
4.80,-3.60,1.86
2.20,-4.00,0.47
4.00,-2.60,-0.36
2.00,-4.80,-1.87
2.60,-4.80,-0.43
6.80,-4.40,-0.01
3.20,-3.60,1.07
5.60,-3.20,1.25
7.40,-5.00,0.14
4.40,-6.40,-0.33
4.00,-7.00,-1.66
2.80,-7.20,0.57
4.80,-6.40,-1.34
6.80,-6.40,3.76
2.60,-6.60,0.38
5.00,-2.80,-1.95
2.00,-6.00,3.65
5.40,-2.80,0.59
2.00,-6.80,2.18
7.40,-3.80,1.00
2.20,-6.20,-0.83
2.60,-6.00,2.19
6.80,-2.80,0.49
7.80,-2.80,2.62
7.20,-5.40,2.80
2.40,-8.00,2.11
2.60,-4.20,0.88
2.80,-5.20,1.05
3.60,-7.60,3.75
2.40,-6.20,-0.12
2.20,-2.40,-1.09
4.80,-7.20,0.80
6.40,-3.00,2.29
7.00,-5.00,0.20
6.20,-5.60,-0.22
2.80,-7.00,-1.79
4.20,-7.00,-0.99
7.00,-4.00,0.02
4.20,-6.20,2.19
4.80,-2.80,-2.23
5.00,-2.40,-2.98
3.80,-4.40,1.63
4.60,-5.00,1.17
2.80,-6.20,-0.97
2.20,-5.80,1.15
2.20,-3.60,-0.69
2.80,-5.00,-0.26
7.80,-5.80,-0.13
6.80,-2.60,-1.75
2.40,-7.40,-0.23
7.00,-2.20,2.76
7.00,-6.60,0.01
2.80,-3.40,-0.23
7.80,-4.40,0.79
2.40,-5.40,1.24
5.40,-5.80,3.83
7.60,-3.80,3.12
2.40,-4.20,1.84
5.40,-6.60,0.92
2.80,-8.00,-1.29
4.80,-6.80,-1.23
5.00,-7.40,4.06
5.80,-5.20,0.53
7.00,-3.20,-1.20
7.80,-6.60,3.42
7.60,-8.00,-0.54
5.20,-6.20,1.25
7.60,-2.20,-2.00
7.60,-7.40,4.33
7.20,-6.40,0.66
6.20,-4.60,1.41
5.80,-7.20,2.92
4.80,-2.60,-1.77
7.80,-7.20,4.90
4.60,-4.80,2.66
3.60,-8.00,0.62
4.60,-3.40,-1.37
5.20,-3.80,2.59
6.40,-3.60,-2.54
7.40,-4.80,-0.77
2.20,-3.00,-1.17
7.40,-2.20,2.39
6.20,-7.60,3.23
2.20,-7.00,-0.26
3.20,-3.00,-2.97
3.00,-5.20,-0.61
4.80,-6.60,-0.92
3.40,-7.40,-1.90
5.20,-6.80,2.21
6.20,-6.20,1.61
5.20,-5.60,1.91
7.80,-7.40,3.28
2.40,-3.00,-1.26
2.80,-5.40,0.60
2.00,-3.20,-2.24
7.80,-2.20,-0.47
4.00,-5.20,1.22
2.40,-4.00,-0.86
4.20,-4.20,0.68
5.60,-8.00,-0.34
6.00,-5.80,4.05
2.60,-7.60,3.66
3.00,-3.80,-1.65
7.20,-7.20,2.63
6.60,-4.20,-0.38
4.40,-4.00,-0.08
2.20,-5.00,2.89
4.00,-7.20,4.11
3.60,-6.20,-1.66
6.00,-4.00,-0.13
3.80,-2.20,1.32
2.40,-7.80,2.21
5.60,-5.80,0.90
5.00,-4.60,1.83
3.40,-7.80,1.00
2.60,-7.00,1.69
5.40,-3.40,2.48
2.00,-7.60,-0.42
5.80,-7.80,-0.38
4.20,-2.40,1.47
7.80,-3.20,2.59
3.80,-6.60,3.68
4.80,-3.40,0.89
7.80,-3.80,1.83
5.40,-7.20,2.64
4.00,-3.00,1.02
6.40,-7.60,4.82
5.00,-5.40,0.08
3.40,-7.00,-0.36
6.00,-2.80,2.63
2.20,-2.60,-0.36
4.20,-3.00,-2.61
